8436486778273071110
4554700320333529096
3272318890112671754
3544436828970745864
319083840123510797
4079135299031162888
4736387276052291597
3684767438336647184
5322418936335654930
172493794615324
4247542868445290523
2289393911922630685
8775497110807199778
6116767603020316713
3566921999065800751
4281649555568533553
328578858186596402
3747701915694170164
3136675350040231993
4343054401038991423
6870615657010495551
8808283718755893312
5459588345445146692
8649190968921817161
8206193379477389388
3049232018672361558
7957611741189619804
816350823557750879
8143948564917780583
1675892251293909106
6975235295712714864
6499680853243150448
8048658628681613427
8422740806788792442
7311427168242065538
7779219740853444741
6651298237230604423
2689849782680862867
1353791234953830554
6605791682256142491
2098454867342049446
6602694681879748775
8093510874093510825
4706363175863681196
8604786489887277228
5005601630563647665
1490191758970626230
3160685132127379649
5610027316068335826
7726163290255163602
8464042574371430619
2597089802487226606
3384793604760101103
1162341251070877938
1116120546853527794
4232367467486372084
4147502287458164983
7249186599597629688
1727413132447449342
3063389654233276673
1202757209989480707
883466177093886215
8925058066336899332
2985388158194598152
8308843082243318022
2277258106519314703
727549746881413401
6042173917885874456
7325951092382204190
2006875118579499304
1744968263929332010
1149909862002655538
8812561634147516722
9068059617440858420
2435278013680542024
5064332759819125064
5322872077213434192
7989051814215221589
733358405319442781
9093773696640647517
6299483314553373022
906133017959465318
2001497589449900391
1968705694943871335
4075548878573732202
96951733220778348
8946968911713149291
4404102737258783096
7976915263268913528
345166564255490430
358042860634497
1786405246877524362
3065986133247828369
1817058095386419605
214747075434561945
7735103742425923993
1852173015100891555
4507984235716510115
2044042216401944996
817172161759625642
632514086629966256
4139646567670407601
568347098201366980
7966818539822965187
2718662672337183175
7380268676818141640
5671685589756641739
1600736264454349278
7602165921287283164
6627511195049779681
1739489606785270250
8583863244764430826
9004001010966954475
5606482878050255348
5967166270887797238
3898379308543877624
8038412633073959418
8586445442601878010
1363933759868150272
398143532916826625
963540582607569413
1110690992614457863
7014913849798484488
9058380106399547915
2260680157828850192
354199270407963152
6385909920307126799
6288315334279365140
9096702372836721171
3762192034472002075
6703138280360174109
8752012549572330013
89855678708048426
2045666569366159918
2655187957254316594
4073049613612393015
8500541782982107701
1969793926848193088
1005629547671765571
7047171381980348998
3328810365262086732
137896893786088014
7220746833224245846
2987295214079861342
1006994164808376927
3866350049933558366
4971850480929505890
8508250281444827751
7951223363455107690
5938086753382842989
6499180490539737720
1839849198254801536
8836400895774933635
5471096204349170309
3614833214260527751
660663442432844433
4606924106960839317
5347248030751220374
1959298793711248024
6874677022288274073
3558384627031122587
2592180718453473947
3499308483001098909
5870513146654204574
1829518114197226145
2890457345158505121
8217833620120076963
1699850602334438055
7156397690179084975
6306664418498503348
1025501102797628096
3748782731066516160
2030050111587812040
8902894005622194891
7621055511441744592
1032423750693274324
6528441148613649107
7248664877627171542
5336343631045092059
4788066459805606620
2073111542987735776
5946801945935340260
4455565431463502573
2332589425525703406
8522616490356892403
8108146872298128116
7911065872945824500
4527732139776467706
3233949955815760638
6533628013350970110
6065041450182796031
3004377244765651710
3695841053374022420
5954683498371810070
5410902962282054425
52682135302628123
8150982707431129897
4459808754974180144
8532601282618385200
3084503337110610745
6478990864017597251
7579894844338643778
6236438296203051843
362280302416536394
6773093503551906644
4135977183896847189
7377084868424090452
8829494174902690646
5762057631920055124
2607546198271705941
197952149546083169
8489522272490070886
3727985675772339051
6433569616803095403
9031499328718693227
1245192063957877616
7076471660669739888
5238219284755071858
7096781002466591613
4153787998258930561
3719504051567690629
1530804902239052680
536240631963116426
6507918918814393230
213743609056019346
3457490374932743057
6847782354113348497
3428306478112719764
123226033693442970
6858201923550036903
1144197839826420650
7005152842650502057
5619608481123025836
7370808167001523126
4961319909710136248
906168675019809723
809308373870674873
4320113052299379647
8876878348736201662
6555943280028238787
4282773008318514131
2398450808002823131
8930482056424793054
3824559959358890983
6423100626789909484
3671883825869849589
1957986473680331768
900540269339034621
4259834979883910150
6181970076005655564
3366606900654441491
8201592372975191063
1650374519795770403
3065319099009614888
334551515081516079
4380839394101503036
9043580407743513659
5234313086835565627
8385738099186959421
6260681536931365960
5060619782817498185
3850433902777951310
6783056447845786711
2261579624398242911
6353775553793434720
7779460030693442657
7933622603092984930
7171742742728500326
4929768916782793834
2460017532549104751
8212570271479809148
8818905625918571644
3011333784982750336
2172254954853942401
1012090643242026112
307468789428511876
2079660918494708870
4610378761997608070
5148392737555170438
7039136422573081736
7194747203248645268
8748670817494877334
8803269514053960855
1942074932984636574
2946289650377888
8202121393179165861
4773066967911990448
4863819055370896563
6319659322490700983
5697895401503491257
1541018320097174724
3044961065154430148
7249252321180320967
9086735236771448016
4073424248852800728
8479102127069095137
6620813052422620393
4760217324308407535
1562884028166694129
7732119899417519346
3637558408410137847
6243383233243530487
2964738920782382331
4180504611031164157
7698159025410262268
9188385014244230396
7290578693803123968
1346436413023864068
3028659675763836165
4832008532185515274
3162548521943000333
6520778005321393425
4680478594348180763
6754927167465678119
5219697096875730219
1824021300971545906
1263006084438828340
5152189877445739831
1663283821118661951
4779468732859123014
278715247561958732
9142456001228105038
1946951065339643217
7842933403393574230
4051180128309806426
440812307241141611
8934921051293623657
2181710820538336622
9076370692976190839
651325929767724411
2642507971621414273
3775840370168276356
4276837878791374221
6298790442600261018
5994141818518193569
5981339043468428706
8608540112732636582
5173601213159622061
451284669300434356
8594976734343038386
7020428488105829813
5595212128805397943
612631782811289020
1125655544683873725
4214444221773653437
6785681860605306310
430023049556501961
3961418564369917393
4733390106759628257
5886141830323742177
5302484288575792618
2595217536456582638
5579758991792874991
1971881387835885045
4638444762477807093
8057227130837067256
7847228832461047289
4279772117589239292
6573765696916186625
6331721376240018956
5990214674809628175
2247147696318105126
2658302865624122920
8116214589909304871
1654075448466761264
7363610656655705645
3513580853006108209
4425576557102622257
898767345510598195
9059076566871598642
8045845876003268145
9081515348091717175
8085758219559765560
4877753668127303229
824610189202482752
204159790880441923
1476378614973384260
5353520488417953347
5731437074292311621
6117379977448638022
5180878268738020934
3677943540857308747
21833796059055696
664883480581785169
7699606393193219666
6507043059195332190
5217500345025316455
5218357516378965620
4746460793743328896
265062662178875016
8239701301258167944
7569432624771761804
1278033089397696146
4194404017595426451
871806180411885206
7309444118852707989
1684576680029365916
7194345561747105434
5885340142721287836
4050706463701649068
8549497371733599914
3441513902697547447
3958904640954435255
5898858615723263674
2046634434841224892
2201562942600414915
4279920634160940741
8950651724633958084
238170575326029512
915583019652114122
161897475412313804
8816817402433464012
7303511791122892498
7848156876622218966
5070323998739293912
3091868961517512413
7560810722469168861
1301475379434489575
7809575982502520560
7157171436162442994
8806493131927848690
6131281435364214521
113649948509169406
1569514845561841406
6385930657479296766
7813902494281123579
97471042699093772
785818734346946316
4560248938307069712
6862496934959785743
6119285862094628624
7401067941606033172
88796584246462231
1032968958664460057
5594269509949867805
6671850109875980062
1150843845400741665
8052817436917188388
4529324838394677030
7930256278201394989
685256652386740022
3153058641172719422
5733569811137734469
4866575963874920265
4824305083732002635
7069815371634403152
8796724207952537427
1199357339716257623
8501624564710180694
2025191265845675868
2323100090625001308
595857381396629347
686616620890761060
443487675951245162
4473335735883073391
1063472712767219574
6985364765370886006
4001260008908244860
9128792417351812987
4467641983444223868
1086885244372707200
5795789356245387137
6557096544643090306
7396794207693539207
260537786453362571
2580586614367053709
9050046918819497870
933706020154877847
4167481560398931862
767957778244102041
6845501832642070425
3591945728034809755
2320208815679588255
3271198583514154914
2497369246322395057
3245697858795718585
63258638865213377
2303724601925511111
3699911707317004240
667957236772653012
2830633031761635285
1748101827120965594
3326985139675973603
1084533946439256037
688941011189377005
5685762801972135917
5482698117411424239
7526993662313400312
2945816319673395201
9173037971811051521
6566897017281529860
9064883606926411785
550733842148395021
5997364136688642063
2923174244600932379
3122964475129260072
3379332171143800875
5497810673274775598
5277251382628878383
2244944380771379250
5503184545443850293
1009784761503721527
8172208811783219257
7424078668781824060
224940197682382914
7102974462743160896
1378480810175424581
289147542427240519
2818641123845859402
4605266216646314060
3908808180123412560
5525193867382417502
6847483168682461285
1611333043522586727
8382301794855684199
922479768262494322
5170350029853575282
4477349947315464311
6830341047324616822
4281196341940127865
4810681545886640248
8415763109301094524
5999923781224990846
5690440468154828931
1272144709630003335
1506318788998400137
2651228173442336905
4374853902519027851
4904900273599711377
3354221059091925138
7229578616022616208
4139943102088743059
2771039865042839700
2629991498952542360
6831452923168450712
6964231935756806304
4819056703501355173
9027663360875219118
3769509404840659125
4172522455651715256
8662116814798686395
1520343367518324933
4201980273971202256
5067325597876750544
2223449236461553878
3547703728125561050
8663891343543535834
2143813630233430246
5877372731160504550
7495913317504035048
3969327344205719788
3331058478986184951
3207917703224559863
325317379782117626
1181940586417277182
1387483286628722955
387280342809438481
6492401426228259090
8156104818767759646
2587005693222717737
5605767408012060969
6867180443412801834
3006439650888288567
4076699450927393086
430006969145542975
3429019642262399296
2341465122927806784
3468729877241030978
4364662890725984581
4201743281600383313
2566106624660244818
2643653786012002642
4274425064083032411
8735662311777388895
6800712958860388712
4404765836893587819
140254778373187951
5930873550928365934
7877934805769890159
2778680674200054137
934012834401298813
6258481075220777345
2790870107266443659
954287311700609420
4532060092588968339
2747299035052165525
7959387820778604947
1644784175238695324
5863247121760160155
408844950487566762
2050658687054645684
3591309329693182388
7560712559812741559
3832070824927308217
8977057956187941304
952069278435649984
6131446318243473889
5398205783788743141
3376993767846078954
7331219752600226282
6988487594190080499
36436834196744707
3965938793085225482
7133939648535054861
3797421519462566422
3302339808592882199
7810770771620719127
1624587033716558364
3661423247647910429
6707358165174798879
6133461557147953698
2570054753499851304
1262134659695438382
3486624235551705647
584730627433703985
1986023669424466482
5411908107421846064
2554977543224216114
3168905979552336438
4047765029532846663
8524801800420428358
5479822077815441992
9169309808583731787
1627825219588459096
1295384038751177306
9042657796164135518
4103321250515667556
5961938308008610407
7757816119908813414
1768967865582701164
1782247342661184111
9019310015815936623
1035453912756939395
527510741729495693
2492270482375223956
5641229571107383957
4239091644991703708
759581740746517150
1485970356477323934
2332476579633646250
3225543516668234412
4976170491802725043
9015353789080521395
4847141002993593015
8596954166634302139
4779295319060613821
8365026948056345276
1645336273127951040
5477666985557256896
2285530112228428484
168354158531275461
1365096910630595271
747262512068659912
7371006478540057289
6121717581130525390
71428808178543313
8453584875549289184
5475588603047594722
3027709765767473896
2000245231970511593
4012729722524453621
7268684762225953528
4182130270225795838
5191538320550488837
1241887645104253707
2995185681117039372
7023444291717065485
7598739269262412564
845758327526157088
3513430193725590306
8132904322919525163
7913446084780657458
4554663562811214647
6418913372447075126
3070103925774707517
6649915451397704510
4531306908563254080
2433413770603825986
1983496953136147279
7986690616249674575
3158534730972433234
6241609960965049173
7588992279525256025
2085440886603557726
3341512244877003627
8166541291273554795
2917936065461414772
1217242782499490678
5873016440888576884
6171625427404761977
9054409807251557246
31804467294169990
5415251519816371077
8821936092463844229
8675396118596635525
3068125462410496906
1830751513343314831
981159256080272274
996212718451075990
5791300652264713114
3374572496293022621
5189501589620124575
6895551505039797154
4034160995402681255
7779111493544258479
3383536145643522996
2472665840695651264
3956968282054142930
2096669242616146904
9055379679635172313
3334913234103339998
4848056930689862624
1063384813869018084
6093618313234893797
6636267463020063717
6299264021061225451
8741218000569002986
1333994194275634158
4712720444362337262
2210383401821285362
5788936797092596721
5308719801906793456
8391385130275359736
2185651388549753852
4742290046626008058
48433871504632838
447527306011970569
887256221096594452
5198990522097527826
1739822917560929303
5576460288543181853
5198448876477312033
8805636234001050658
8133006179293170731
8443089016033872943
2942444647375711289
4146903578045533241
303093955824602175
1977786792594566212
3926252294722628682
1235313137683541079
6554423586005355606
6690194537007533145
4533506786951801947
6736707377588964443
1175849614263069793
7547568297510095967
5415960423638207589
6038142694191565925
2455526083047787628
8384791024456289390
6743339880449076337
8194240678873435250
3965322379589577846
1584347811069660288
2137257773166857346
6530188333407710340
7945237963451952259
7080776988897520784
3013840398213729432
2999628081114729625
5106883626324094105
7286162320826223772
7933766832512691363
2935459139869207730
1224259795309358260
8668218091582393522
1884169084270316743
7315144793708735684
5293742262186020039
30063979060595920
5533067355121724627
4947791381797113046
7389787810145184989
2146642453790117098
2144459434213764334
2301921511305325809
7658036330225593592
5450016181708057850
2721022090667625722
8534015483683785981
9004393518056295680
978095360737635589
99362077470256391
2157984524444617999
742728102044978449
7623488696793148689
521732222986186015
1689028692551511332
2805706455618792742
1766813897504951593
1709714445763587376
2263155211289218352
2965484109334474031
2035158141151071539
879267021209259321
2224177388707777850
6385840151931350337
8368038033891675466
7841177184804949328
8698960020202777947
1549642001642917214
4510569661021973862
6086296237341551983
9073500709366091120
8476437402531523961
3772047446710562178
2685845707472547206
4900933627730177413
292881192713145738
7305958971892010385
7323525698417626513
1199007294801579418
7259617689931255192
8445357753777769883
7653503407029464480
5772028291863498153
3934736043791068589
7711369881107074477
2688645012974366130
4727928732038147507
8075399895340076470
4276315404425989562
2193664314242944451
7903031506200620482
8596775011248156099
8219991842263322055
1496260424421027276
3539959618710834636
8185467827633368522
8359095603906727375
4260410945993092563
239087634975280596
7607867489515433437
7655174035621694945
8130198515046936042
5177616643768528366
8778323820284358127
5471750330142371313
7983254660030844399
4569583007714921969
8509861137453952501
6070554240510021117
6194362993202736642
3141356043485163013
3481058642810686981
6054587202089029126
3700049190433639944
3111168635597311498
2977060794355633675
5311735978473778700
6897125142172470802
3210744299885612567
8127403360613985815
4520538661438623266
8153336780534885920
934476785431932457
8467402570117574188
2481502617014799918
3237895725920595504
5734037912998866483
6737088599889907252
895717691960987190
5537501178739502647
3888575374400319035
6689642762750176828
1171511964917386817
1406416725140745796
5952639379136794179
4472309430929894981
1670997856319065675
7928419676191362641
7433759206484610645
1549639211301596760
7638352299814153820
4902920717089205853
3090035674092990048
631941691440729711
8256112673788366448
6358424441709842034
7489471472454397554
4358627414876802677
894681753345134198
2782844114456079995
4319816126506020477
6339537651158781564
1376789061622902401
8279381533577260685
8420802072876002959
714704693938605719
7225246507845889689
840915130257690270
5273687475389181603
1625214098115464871
2189733729430875816
4850204088697908902
7059755885280464550
5454251039552769712
7895328720138366646
1112962443538304701
8482053461530554043
8399579624474799805
2658137446052613828
2402581936100986569
7326258434600160970
9175245897934311120
8756610875956047577
833879820907532009
8289428248589143783
5015650142093528813
7010823972580044526
1717165781308976905
5791171309608865555
4718099619250605845
5826799793227271962
6509926878852296479
11611804357824289
1618666055743581989
3657132729036394281
8276632767159799596
8916586607977434929
8541685792578563891
8262044091277987636
8308651892328378165
2762367128016990010
8233282612960128828
952865350317764420
887498110875488077
2583134317262081871
7481873386443255638
2131032042950922074
8978337274546401117
8217750882383531869
1397761922522517357
1158437731533156206
7885248884780969841
7336593330646568839
8499839852858453896
1025295369369456546
6049408632132063136
8251508722989961125
8087066099001929638
2502926256604589993
1751554621674852268
1157526791941156787
5841898488082771890
9055170007446097842
8814772432269578167
1805814324053757888
8274870611351351231
2337761824012988353
4041137535770423235
4843667966085607363
9072966745993031618
3849304180921446340
7235520480750956488
5842017898289295320
7356892532961931225
2553200801763610589
8463984060938317792
5791078579367546851
2865658923055501290
4236810533552893935
3562346415240663031
6093503367778406396
4375962969250009095
9035127684011495431
8882392778908585997
1560353294018998289
1018344720410562580
8336600067102060566
264599799957671962
1869348386967965728
2777281230452740129
5458643256052887594
856220424162299949
876253858162782258
2699086807184150581
3713773044152676410
7656293608631005241
8530570283282157626
5090207752313638971
7372201092892127292
3411198887276146751
8743113880613949502
2721832670545014851
4509942195323973702
7601253788127645769
324891321568170061
3099808757695680592
8680513580049862742
6349410937243447385
5172589701326393434
570070314636243042
7445522052116246631
650067327226916973
3004924164988825720
8147094828926611575
8438793002920128637
726032030531457155
8393103244004249729
1913735541002776717
2914631234026983564
8168655710903472268
7068215528329334925
2938361177623261332
7932072231363440789
1254288842643476635
6759987750150672555
8758713305238687916
393704108593303736
6394008597732544696
1554856461672206527
3471326141338300610
6625004854067548356
3302202807253455054
8646879837028847821
4150524241838452944
7832689216689942742
6823139846656798944
473749364360073443
3596864119554896100
8447745538957545718
8215699405948276983
6380992079581237496
9135898489665687802
4210791993391984900
2328590761319567625
1640158324509749516
3000330028642816269
7391917197558255890
7093083087525138708
2593899131994444057
1214234740135727402
4356948431820411177
461208023361368365
6844365533769421106
4132178889749123382
2248153635772453175
3826039676534714680
7661333238449910071
1422989764069069118
4984240760525877565
5804250199614214468
1986891521942835530
8736737995799695688
3977671154700259659
584642274730545485
323188342126309726
7376939414350893409
8710702665678999906
1716297960316645736
7991298727146680679
6344583458464657771
5459603554627088748
427994271927857520
5629932260570165614
5595210483854791024
6366652724803703151
3749669638458511731
7761526577199460724
2590063577126842757
3077174590199656859
8903303977669857691
5678353226988253598
2168928415682220454
1745320835113791915
8303679043433771433
4934986142383845803
3329198403170464177
9217527674396209584
814188990806995384
3650315478049190328
8490338096747835850
1222263912849584591
8903035810605576657
9145383577439597023
6305884039751463393
8173812070388740583
3204171409264914923
8771651493931758061
5166029738659836399
5381250023682978288
8516586237662630386
2557285910120362485
5039874211138998781
4395760762180784641
6817568489152786951
5367096306852164113
5860743356479918612
8013531148965327382
4611858012706714148
1617857268917547563
4377873399152022073
2489847063888114234
8406107260213162553
9043432240382128697
4509138665852088893
4549120766462120518
6929886743600091731
9160630505029349972
168812018115981912
1185271460955812441
3111153376310719083
1818019946251801197
4388854159224287866
1945671448363840125
7402808459399099002
1862632022998553221
7802434719426441859
1648384090110063242
3955688872570786450
4289905150988259990
9204044061706244757
5234811794267050649
3751977518931423901
5237082217965187745
4371886285079818916
4135494751939261094
5987368326243971750
8030656833485214374
7025098034112467623
6885899220373033643
511404924029104815
7035110115123270317
2955423555277927099
195632096255947455
6498093173001040575
8789551842729784000
6747218922111595206
7024996034072466121
2389816221873279691
7674603538457662159
2882991593338548947
4609167552449794774
6252189083579986654
5242009287878103778
3893177464067592932
4273721796149572327
2663625160145294059
117101447329944301
3638286487700091628
897398138447319789
7785871708075274988
4157206720783979249
4635787180879598320
6895430404522382071
4311118196952396538
2594752323093639932
7293470083425243900
6054957508440445696
8217195297628672767
141888702804513542
4736214961184969477
5460195981871043334
1599927652035867405
4885149538896704267
2212979759370490649
2384358221594817310
5465041028243436322
7682045729519760162
2153100958428222246
8788787989125133094
6235822902962606890
501746387164648242
8467283263278920511
984971301602644804
4545632151689876293
6437904258785686341
3372056554261517125
7932768234156675912
156551211429835597
692830271867179854
2992739762079568727
52789232912315226
8785755704166257496
7254167410764477272
4527212477608989544
7690787535071753073
756934545771565947
5626265104750588797
2055185528709755776
2462694071809848194
5126026771724080004
4542148924805723015
4539117961138697095
6094096498382689166
8086412763446301582
7914575292934706067
3237504444553663407
7692467398367876018
5557503446544233406
1850180235817145285
2096209918964847562
2390094005774652372
5843023052397614040
6680084973603214298
2390285596479370208
1653471131660424161
3009794092135035874
3152702448312554473
1978485722329797612
268519859112252400
1460150908755325945
8108957038103204864
2328160010812519443
92690177761530908
1548661297544385567
7882377647132382238
6128479781279339557
5516470549587956774
8913803614925919272
5468893035004523563
7795920858506728492
8003570263957435437
5633548583027962931
4305698012783506491
4925287453027636288
1163607363970151490
6238682579599291459
1791609390415541321
5426291212641629256
8094117579298657351
2120386954350261336
1345429915217925219
601482797127160934
463463431295317101
3479500785107072108
5240264230289306735
6417140552761742447
3709223798353122419
8929455280478712946
6327384777157203060
524455456390583414
5923449058081633406
2637270569368999046
6176970235564446853
3543836608620975266
1346100623753901224
8086186598590428328
3425980532266702002
4399919659806700726
4745937465217365181
8512932175370310845
998191525972341952
9005114087681438911
2723555515888424131
8102630155222799556
6963794459048760518
5526306693132596438
561236880839185632
7005841967312721120
8390608922093401322
8339084497352013035
1645247915332367600
557115827472151798
4725191922199672053
6185903238551319797
8238690918298973431
7141244409479894265
1737560198485185802
2620967717273703695
4313692351824721168
3956031733372212510
2779459864961176863
9054444618215740718
2472763789941667134
1592539750732223807
5952920918475093311
4202821618175620418
6020159799326307654
2720397766356661577
3138801848094397770
4411228638344820041
2926396249608246619
4773110153848722780
575649259155109220
911941420321650021
428832646676346214
7799560026969437539
775311542278690165
1340631929118233974
2992784929271264630
3324438671037724027
5383972641718424955
1805723724022117759
5705629913855653251
4854722210240206212
2656392746181858693
659118631204386186
3657388644535907724
9092088974455076236
463321303576974739
2374301898072003992
7343760878246991254
7041088835962959256
3828522906078098843
6425051225206650265
6096527615478756767
8840224938397390239
6898152403509188002
1186594621938595244
353450003857397164
6192229341367678398
7393595206438221250
2976420115569595849
6780647884167706057
3437912059187795405
1797622868162508238
988214205461272014
7932974693222757838
3178554341513065937
6614126713819321815
1341135954791462362
7373618700397188568
7878941175191918041
1418539687978235364
4770978603962045924
7484162824967534053
4977440712414655975
5568550634362402282
4197042994994705903
2136322869882762745
7799896607668934140
3287862107037455870
619519615631275523
2052578363181168140
6893485745127069197
318528067378664979
5900887497800947228
4160527602670540318
6297529708719535645
8643629924162205217
7217927647495271969
196855123397981737
8463860537126204968
5209579801255294507
4416171034671568431
3367415433219831344
5471870216126690864
2128525265639437876
4204606815973561908
6236537468180665909
2296044392391800376
9069100072955991607
9178875639456904768
6784913505204057670
1514954190866093641
6506962390530274893
3997207204261074515
8522122103727658584
4116462379434481245
7360365691130648166
4874036764057450091
2296533244682450545
9034488110906291831
8490480681175316089
5963582879911728765
4276576384896038536
8412457330400556678
3054286903521818250
2917445043588429454
7400267434918303373
2268026156515530393
1156513319503566493
6685625269833848476
2019688976750827179
5032478997727762090
3374084322744923821
8783417124994561707
2542784418918553261
4959914091392415423
8194170620620052167
1300382392125855434
2228066968132245199
5401130554948245200
1932307870053897948
2569300021052159707
1490949094243137249
2415465143837341418
7024570482321069801
4004853222969186033
1892041621667788534
4558345738017101557
6827576081604105975
7276047952089863928
692018858506131196
8484852000365123322
3504741614488745728
7843062512771839745
6829267781433210628
8370484543275620103
2584376110159861527
8687316174714140439
9037372030446409502
1046773204275377955
491975307097151267
6892110293187254058
8421692685288978221
4284711241765852977
4204287696540079922
2708293033878648629
2931006148330567482
8470204240623408957
4865877852219373376
1794109377963956035
967810507110594372
2444220066508658499
5575146917418088264
929906056065201994
8963409601163605843
5983773640340469590
5386242575660267352
2561887636296546137
666782600432301916
7468861661154309979
4754695420870522718
6314298888636536676
5748277654442456935
4237672952794781545
7542817044620556138
4543056430223210350
2882305657719355250
4500427599248578420
3827329780512405368
2139522855799723903
7517165057353832320
3434744863324239761
3838700725656745874
834185506345490325
8929647660803340189
5619545209108518819
773814715813124007
7865906780005955500
7303041270254311342
3443634498555017136
2650901602755295162
186048376826484673
4483682358783743956
945498463714006999
5198942378775558108
8182608113666119644
7755738015710410718
5661490862525110244
6496889892497872872
6144304333991540716
7924199406371493873
1015720558121711605
434509982629795831
4021293668602279927
7242518815713507318
4518510921859807231
4300391711985760257
306047269148399621
843390795681175559
897596222361958409
4085235366295500809
4074861478806427662
1388285428584077327
6686035353746954258
6571067688846891028
3740191517296711705
4823066387395885086
1652037437497858082
6902184069585279008
6109661515436333088
8619441864481830946
5433789273860503591
7455433643727214632
1051519093079423023
35620824995084336
7188597224585721905
585509858022987835
3617420276108245051
37962100093835325
4109813458614483011
6341072861186029635
3483349708527917131
2764427259615148107
5778303243036244044
2217202607652853845
8789521405031512167
7898504147829373032
7350885147051972716
1454548483321215092
6277021724237682807
234119758224169083
5839004428930635899
6917701494306936956
393571409587984511
3890361275265251461
8247541871474718852
5813671894426318982
5983764876040394890
7562372164192098448
6147411494230562961
8529561621907019920
523021048628115607
1828045106049890458
446077115835201698
3391526852371683489
876583351785003172
1240180463965485219
6872997775566018726
3000616635319613608
2514742258159466667
1389306301536286896
880998968186804403
8338372631851841717
7583411146598168760
7955031000118892729
5401989239915108544
5108816788835391681
8510514684594731206
838755198336235725
2945762244770625742
5705166428907608271
953369446331218131
3857791602197870808
5882456705130215648
1142907310054144230
1905839881167788264
7102592098598688998
6595255846355949811
1665409166484158721
5224682945771108609
1123739618121906435
5199101289176791300
6807618698787256583
4503115534895528207
5427573298861013269
6182093699115342105
3197539071253764380
4060726934351337759
5509778672733337893
3795966355073759527
8469330632658516275
2948950426674493761
2748262181135980866
2655617680319002949
3997817823327828295
7184291781320038725
1686822360960670026
2443096849376336203
7123207451343403342
268176688740178265
1223268176043694427
6510523005836605788
2929704616252889438
6228791924219992415
331484261650602340
3460907504860838244
2239254303636756836
8003372414797601125
6727872913917606251
7888974918085237101
7122863331793787246
1210353450148182388
2853400669482834291
4843042550415137142
1892104729672825209
1099995799783635327
3303164693956483455
3434867464661531007
571452456968526218
7266093236119263637
6125623872633051543
6590740514829875619
917933657506732462
2956914729357334960
8097791269930113460
1653876782896273853
5822279835543026110
6764988422247020991
1710669525054863822
4658805676772489684
3655724318328977880
6313829800102214103
6494364126568929766
2088953234424863210
8203145458904103401
1332747285312051699
6482152172535110130
6513211082782472690
1637009605115951604
5403531289253026297
4904721253317794303
838001609833970185
2373399023004178958
2589911124462058000
2882353243308030482
2973630996314647
5658948944790182423
6390515790444255768
3367974312458918428
2129195080564234790
5131421199193340461
972778783581608495
7438009414965787190
5779610085405596217
6021721893883836992
577123265564547658
7011117838784215625
1142601743030196818
1037037130217912929
5914639801147488863
166638350054349413
4900335155787291240
258742810134157933
5995399062351182452
7007728632276646519
1013826472572205694
4335840452483390079
701997215956564608
8978753213773560448
8246292835068426881
3066656915170785929
2634295028134951564
8066272209572674196
730449193978993306
5206230517680880281
7617612887798643363
8744610528467671715
3984137309197105836
7715060376362998445
7276600411160378038
1458945406335269565
4309450103903500988
7731030742073948869
7661308211287489226
4355432559268338389
9015701463307385559
4070560720442137308
1356625791654370013
8084568788293491421
9038286882572516073
1594193919286409965
6780055182754462443
6795625004277619436
2014865280742456045
3992740615388650226
6644450999699561202
8244764368091011826
8127461508507163384
7593025148811795194
2551729027106700029
4730231730303073020
7665272343213005574
2837104025505463049
2157654952026823435
2737333372554296076
963400813768309518
194575074449292047
7091948787199843084
8807129364026243860
1137921181681203993
8120206427192507160
8792737241282517786
1132548101340076829
4492583796346632996
270484899996539696
6347780791900846903
7572022516392172342
8426637144489614137
3412995836408781633
4261123691157052225
6182731490713533255
2318305729526537038
366335617093753682
8496231892144061263
236848321534991189
4589258112107821910
2478513139835853661
2087762292993375071
5006060915732036446
6839893088090340191
7781609277200857951
5020412065827011434
6765760182525295474
7204103577815612274
8611327466403453816
3834733393471642503
4335685210786438030
6374804894192540558
6719029900167084941
3928841773756464023
2817650663026015130
6102423331767778202
3029191698141584284
7373137773483015064
3702058507499903902
584354404001348508
2446516387210337185
3898635131385781155
8644328473086720933
438477340432825259
7857095469471169453
8418122058358660019
4169940180891106236
2108635398803479487
7638330085036743619
4631167666771008466
1546302472855804885
4364062243507444692
4015182332608199651
5412510230692682724
9025919547048606696
4999474191501433838
5236631940567710708
8061497168044268536
9179985899003386877
1858727232870972418
7245104079857179649
6400176844728138755
6319491820597246980
5582059884066831365
1258227030074891274
8213202738323438601
4037695333779905549
3280436787379903508
2941758840152226841
3649243755273772057
4106217158561741851
7545768833053039642
3274928491284446237
5049530749383891995
8983137535639837730
9068910083751894052
6135089499413822505
6747399918979087401
7949774724789591080
4076036575296969773
992811360457874476
889367806396300339
1904935354493377599
7707799964398877759
2023941260178152518
5900256457012403269
4448796991877553230
1070150029854587994
1198510827780078691
6609109383811390573
4392931046706035823
4045593510381214839
3043395001477528696
1236261028562803834
4121961896432917626
8797162039625727093
2643811291500936316
9044016420803206268
2335390499534257282
1348045152226688135
6643794353916001413
4602714349264575628
1829643105238760594
7960403399608384663
8096439107828063384
366086707500301468
292635977968352413
4309003539377208477
497353157305711775
4647632485711666337
5349927518245592228
6763856664518843557
6218998170602200233
8711923978613103801
856460785061821630
8971899170852428993
1714809098348772549
6949404783337823428
8840516287356263620
7207855177807895751
7720217515278294216
4576705134862122188
94354145490967757
4707405746684107997
3091339487959440606
4273954658200403173
6991956743207247076
6168627690165116134
8033422061362199795
6614276619338570998
7218819368493546746
997540286846893311
7025897709077044476
4632348681128951043
2321606094855978244
5312358959514008838
242253792696507656
754411871209471248
1151893552944880916
5758338555067735318
8028578437291015446
7826428824560704790
2951715314230148377
1850577523122691356
7571963873134787869
338955197021060385
3447450621139754274
858337791558466856
8161358219039235365
336258762917977384
7691721763065806129
1543188663956389177
5100739155246816572
6046188120021548352
1242869905926118722
511737358083480899
8861395602377530692
7683097489257110853
5534964815839272261
5853174372120485193
5655356246585179466
3670630515927162191
4344120591551020369
6933025645755817299
2207004452716420440
2724128598830079320
890164244858764638
5928674816597253468
781114520602172768
1332131484271639905
1253821146971381090
7988467512039906660
5238570673577155950
6007979935078325617
6739211939100917106
2499728180795374964
3272015411718315385
8278245235066068348
5329459132270239106
7308950528998530435
9222230631659191684
5235639385649880454
2401384534268083594
7519797182419828113
5740492911615106451
1232858859392925086
1969802312089230752
224813167264554401
5068927455894035878
9003724050931105190
5012042454151241130
3958919916665789876
4136385100682632634
3585176558193417660
6445170607802531267
2165345859334454725
3648640173231340999
1316580566017064393
8278674475676302791
7322306332954418629
7703840607589457353
8719695786940390857
6547391560804867528
4628375191323975117
738283352965299664
1291021793904180691
4271021737255820766
160238870874766825
1672346642059771373
6751652597642509805
6869523957265677808
7557700063834430960
8641753924018077178
4082176737493474827
3052645259481980427
4529781747422920206
5362380632334949902
6847428473519152654
6246447007183166992
797964221590339090
1844376170220412442
7889722577356103194
6722986416246029854
4390540291742211624
192988216286354989
3034357225405480492
6027144094275223085
4920312606058536493
2122409521282293297
5447835281184808502
2732985501259947576
1166937961605529144
651690621292707387
94207589871672894
8240143160771313213
7082976283020443198
5145611859463061059
5537883514530651719
6005272925539253832
6056904372793744967
4650707687457373772
9149340197124677203
4584471942721330775
341902602485554777
8241691788895043165
8519496959215337056
3071962219115388524
5126582914471067244
5582118951632576113
5260949958275210869
2260702301105372792
7204510444053364341
1863947897273884283
5057160308023549563
802629546802126471
756507859792535176
5895402271193153163
5584944859214864012
5894723515402878610
5850884352953826964
4493259737579060891
7213202080532618906
810115875177799327
2650157552423984800
5204230143632858787
1030199667335208614
8476213481322061480
5082114275439263411
690064522918854329
5741090621592035000
644431165226614465
7491001389340565191
4761190426400718556
8301014914254192347
6586517751336632039
6876243425803337454
2186746481333247740
6129639143923433211
9020235443601358588
3644603577550429956
6830848871368261381
6145228040263597831
4510892412091088650
4964311564435734287
2034739379280412436
1261279593484558101
2786979711407988502
7749612323414384417
3974808432653549351
3014330160806313768
741646046602485546
5552509291670159143
500390460569362225
7544099345982070576
4874233567654453042
869357891387711290
3417967772255739706
7338612197578555194
1290820841994821437
1333838144179912511
8779563137039916863
5016650894673690433
9186369412056063808
3940938078319566662
8211391677131267910
3043636478201257800
4140198348398149452
8182356273345535832
3611906907565039451
270789617149583199
6740602890546052960
3304722190432821099
6830958903890591600
688742176834994034
2415291844401430390
4913003457039474562
913726932157783952
2934414240035241875
7939984437520039830
5599979001845637019
107318181837954980
8227997930414612388
4157201620896620454
4227045738983169962
240427628463095732
8943064916148101042
3196755356065308604
7578214565619785659
1826391930830528447
4566770648685567936
3969630541512507330
5230460078952513474
3340823007683829701
2583430919096401866
8837799503630557131
7382734264274952140
295802347075117009
807477452266635218
69404815051612118
8269659833569689562
849279399521124321
4572164827162435567
8101893232551903213
8991186456399142895
488827252643463154
2883496865481416696
4069347266382970873
113345636110884861
